0 590 2257
1 109 1789
2 100 139
3 94 142
4 366 1571
5 123 2326
6 528 533
7 125 2325
8 551 2849
9 431 603
10 552 553
11 1458 2328
12 2289 2824
13 1493 2327
14 2300 2901
15 1888 2823
16 1733 1737
17 1735 1736
18 1434 1895
19 517 1435
20 268 2424
21 1250 1558
22 83 516
23 587 1308
24 532 1417
25 531 1352
26 1745 2939
27 43 1703
28 561 562
29 1554 1705
30 80 781
31 559 560
32 2406 2407
33 595 596
34 957 959
35 958 960
36 2472 2945
37 90 119
38 2264 1918
39 1576 2479
40 89 122
41 2266 2921
42 298 1738
43 5 1800
44 512 1739
45 60 1799
46 916 2457
47 580 1680
48 589 713
49 582 2376
50 1590 1592
51 1591 1593
52 555 747
53 506 2023
54 1540 2843
55 2855 2882
56 2844 2881
57 557 2032
58 2036 2802
59 692 1936
60 302 929
61 300 1019
62 301 928
63 0 1954
64 106 419
65 1 2800
66 1429 1679
67 3 2801
68 423 1563
69 2011 2012
70 1365 1567
71 796 1537
72 1017 2359
73 993 1544
74 950 2486
75 1983 1982
76 797 1283
77 1984 2925
78 790 2899
79 795 1281
80 1290 2490
81 1292 2900
82 133 320
83 1815 2511
84 136 1774
85 428 2375
86 834 2831
87 69 600
88 1243 1790
89 933 1386
90 934 1003
91 8 2854
92 115 452
93 85 704
94 117 451
95 6 99
96 468 852
97 470 855
98 2470 2943
99 2337 2806
100 1183 4
101 91 118
102 491 2821
103 1728 1802
104 131 1891
105 900 2378
106 806 2302
107 359 1329
108 1653 1654
109 358 1601
110 48 73
111 376 389
112 1655 1656
113 548 2200
114 549 578
115 101 1896
116 311 2580
117 804 1907
118 367 1702
119 616 2016
120 776 2015
121 56 1862
122 1934 2363
123 46 2827
124 519 2934
125 394 1777
126 2481 2492
127 1942 2493
128 1943 1948
129 480 581
130 482 525
131 846 926
132 787 1014
133 786 854
134 856 938
135 853 2086
136 824 2853
137 92 567
138 568 2384
139 57 1335
140 729 1512
141 412 1314
142 356 2520
143 71 1385
144 2394 2929
145 2396 75
146 1997 2930
147 329 479
148 137 2826
149 534 720
150 1969 2924
151 520 1968
152 522 908
153 478 714
154 2509 2510
155 2010 2013
156 1867 1868
157 62 1330
158 1804 2847
159 2438 2846
160 1659 991
161 364 843
162 757 2896
163 807 2897
164 866 1812
165 407 2917
166 990 2892
167 994 1548
168 627 1833
169 1427 489
170 722 2839
171 490 1609
172 504 1872
173 410 1026
174 585 1874
175 362 758
176 114 606
177 617 882
178 946 2840
179 799 884
180 1987 2841
181 2242 2244
182 2243 2245
183 2330 2334
184 1950 2305
185 530 2307
186 2329 2333
187 759 2836
188 945 1490
189 488 2888
190 386 400
191 388 483
192 387 497
193 469 1015
194 538 917
195 67 2347
196 1602 2348
197 110 2814
198 345 2369
199 2367 2932
200 108 2368
201 107 2366
202 614 2007
203 1604 1922
204 761 1012
205 1849 1850
206 623 2867
207 1876 2858
208 2870 2871
209 2507 615
210 476 624
211 1826 1827
212 93 566
213 140 2626
214 2608 2910
215 126 2911
216 1337 1533
217 789 1555
218 1825 2425
219 1573 1844
220 1952 1953
221 542 726
222 1848 1851
223 2246 2247
224 305 2269
225 592 1027
226 2866 2890
227 564 931
228 1611 2891
229 2462 2876
230 1773 1857
231 2576 2811
232 1917 2874
233 141 2635
234 1870 1871
235 502 68
236 2343 2350
237 112 316
238 594 1992
239 1750 1751
240 1748 1749
241 1288 1470
242 717 2597
243 76 1549
244 2278 2405
245 1204 2188
246 2189 2208
247 344 1651
248 1622 1623
249 529 2908
250 1625 2907
251 1883 2869
252 1624 1720
253 793 1719
254 1652 2444
255 398 767
256 399 750
257 81 441
258 2499 2500
259 2501 2502
260 130 2304
261 1620 1626
262 7 1289
263 2295 2297
264 2387 2389
265 1301 1551
266 2386 2388
267 102 474
268 1559 2445
269 104 1906
270 105 515
271 919 953
272 822 942
273 1839 2323
274 546 547
275 924 2001
276 1712 2190
277 864 1810
278 350 1693
279 1691 2191
280 536 2810
281 541 932
282 1716 1717
283 1687 1690
284 2401 2937
285 921 2185
286 1840 2816
287 540 1887
288 1684 2913
289 1685 2915
290 1477 2404
291 475 544
292 602 1970
293 1899 1971
294 521 1866
295 427 1541
296 58 2480
297 1561 2885
298 1415 2933
299 2523 2884
300 2524 2818
301 86 307
302 1016 2862
303 511 1022
304 113 605
305 442 986
306 920 2009
307 138 2258
308 575 1235
309 9 2443
310 832 2832
311 813 2403
312 143 802
313 597 1363
314 88 2830
315 849 1669
316 565 1414
317 1949 2374
318 1916 2482
319 2271 2942
320 859 961
321 915 2458
322 860 2411
323 703 702
324 867 2878
325 609 1407
326 939 1231
327 1964 2475
328 937 1671
329 579 2454
330 2526 2527
331 2584 2906
332 84 2941
333 74 2413
334 584 1989
335 426 484
336 1432 1670
337 95 1755
338 1898 2467
339 954 955
340 1688 1689
341 2431 2432
342 144 2905
343 610 2817
344 2948 2946
345 2949 2947
346 2950 2952
347 2951 2953
348 2956 2954
349 2957 2955
350 2966 2964
351 2967 2965
352 2972 2974
353 2973 2975
354 2978 2980
355 2979 2981
356 2990 2988
357 2991 2989
358 2986 2984
359 2987 2985
360 2998 3000
361 3001 2999
362 2992 2994
363 2995 2993
364 3004 3006
365 3005 3007
366 3010 3008
367 3011 3009
368 3020 3018
369 3021 3019
370 3016 3014
371 3017 3015
372 3032 3030
373 3033 3031
374 3022 3024
375 3025 3023
376 3040 3038
377 3041 3039
378 3060 3058
379 3061 3059
380 3052 3050
381 3053 3051
382 3072 3070
383 3073 3071
384 3066 3068
385 3067 3069
