2
3
4
5
6
7
8
9
10
11
13
14
15
16
17
18
19
20
23
40
41
42
43
44
53
54
55
60
62
64
67
68
69
81
83
91
119
131
132
139
151
155
156
157
158
159
160
164
165
167
168
169
170
172
173
174
175
191
197
219
235
237
248
249
251
252
255
261
266
267
268
270
271
272
275
277
278
279
280
282
283
284
286
287
288
290
291
292
293
294
296
298
299
317
325
334
335
341
343
350
352
357
359
361
362
365
366
368
374
375
376
379
380
381
383
384
385
408
409
421
426
430
433
436
441
448
450
451
453
455
458
459
461
462
463
464
467
468
470
471
473
474
475
476
477
478
480
481
482
485
487
489
490
491
492
493
494
495
497
498
499
500
501
502
503
531
535
544
546
548
552
553
554
555
559
560
562
564
565
573
576
636
637
638
639
640
641
642
643
644
645
646
647
